	S104	S120	S110	S122	S57	S69	T2	W31	S129	S131	S133	S130	S126	S135	S106	S108	S114	S116	S124	S128	S32	S41	S45	S66	S70	S72	S76	S77	S80	S81	S82	S98
peptides	N0	N0	N0	N0	N0	N0	N0	N0	N0	N0	N0	N+	N+	N+	N+	N+	N+	N+	N+	N+	N+	N+	N+	N+	N+	N+	N+	N+	N+	N+	N+	N+
Pep1	0.001033333333333	0.002433333333333	0.001333333333333	0.0007	0.000466666666667	0.000866666666667	0.000666666666667	0.000966666666667	0.001066666666667	0.000866666666667	0.000766666666667	0.0011	0.000633333333333	0.001733333333333	0.000866666666667	0.000766666666667	0.000733333333333	0.000833333333333	0.000733333333333	0.000766666666667	0.000566666666667	0.000833333333333	0.0009	0.0007	0.000766666666667	0.000666666666667	0.0007	0.0006	0.000866666666667	0.000666666666667	0.0014	0.000966666666667
Pep2	0.1869	0.038533333333333	0.357766666666667	0.0356	0.0124	0.043033333333333	0.0141	0.030266666666667	0.011266666666667	0.009233333333333	0.006333333333333	0.007966666666667	0.0399	0.061533333333333	0.4103	0.1082	0.0074	0.032566666666667	0.027033333333333	0.041466666666667	0.0111	0.3848	0.2424	0.0102	0.010166666666667	0.007433333333333	0.0208	0.02825	0.219833333333333	0.0069	0.200533333333333	0.2242
Pep3	0.032866666666667	0.007533333333333	0.0162	0.001633333333333	0.000433333333333	0.026466666666667	0.000566666666667	0.0094	0.0037	0.001333333333333	0.002933333333333	0.005133333333333	0.002266666666667	0.010166666666667	0.010933333333333	0.002133333333333	0.000466666666667	0.000533333333333	0.0031	0.003833333333333	0.000366666666667	0.002066666666667	0.001166666666667	0.000533333333333	0.001166666666667	0.001166666666667	0.0014	0.00045	0.001366666666667	0.000433333333333	0.0123	0.001366666666667
Pep4	0.0792	0.005433333333333	0.019666666666667	0.0023	0.0004	0.0285	0.0005	0.002833333333333	0.003466666666667	0.001366666666667	0.001933333333333	0.003833333333333	0.000933333333333	0.006333333333333	0.013433333333333	0.0009	0.000833333333333	0.000533333333333	0.002033333333333	0.0027	0.0005	0.0027	0.000533333333333	0.000566666666667	0.001166666666667	0.001133333333333	0.000666666666667	0.00095	0.0012	0.000766666666667	0.0099	0.000733333333333
Pep5	0.736466666666667	0.006566666666667	0.112433333333333	0.008533333333333	0.002333333333333	0.1701	0.001933333333333	0.017266666666667	0.090566666666667	0.037366666666667	0.0814	0.029233333333333	0.004333333333333	0.126033333333333	0.104633333333333	0.002866666666667	0.000633333333333	0.001166666666667	0.005033333333333	0.009566666666667	0.001466666666667	0.003266666666667	0.001633333333333	0.001366666666667	0.001333333333333	0.003166666666667	0.0021	0.0023	0.0014	0.001033333333333	0.145433333333333	0.000966666666667
Pep6	0.000133333333333	0.000166666666667	0.0001	6.66666666666667E-05	0.000133333333333	0.0002	0	0.0002	0.012633333333333	0.008866666666667	0.0132	0.0059	0	0.0199	0.000166666666667	3.33333333333333E-05	6.66666666666667E-05	6.66666666666667E-05	0.000133333333333	0.0001	0.0001	0.0001	6.66666666666667E-05	3.33333333333333E-05	6.66666666666667E-05	3.33333333333333E-05	0	0.0001	3.33333333333333E-05	0	0.000233333333333	3.33333333333333E-05
Pep7	0.007166666666667	0.002166666666667	0.0021	0.0011	0.0011	0.004866666666667	0.000866666666667	0.001433333333333	0.002666666666667	0.001633333333333	0.0013	0.0013	0.000933333333333	0.002933333333333	0.0019	0.000966666666667	0.0011	0.0012	0.001133333333333	0.000866666666667	0.000966666666667	0.001133333333333	0.001133333333333	0.0012	0.001466666666667	0.000933333333333	0.000866666666667	0.0015	0.000933333333333	0.001266666666667	0.001733333333333	0.001133333333333
Pep8	0.0016	0.000766666666667	0.0013	0.000233333333333	0.000366666666667	0.002133333333333	0.0004	0.001766666666667	0.000633333333333	0.0005	0.000933333333333	0.000366666666667	0.000233333333333	0.003066666666667	0.000666666666667	0.000166666666667	3.33333333333333E-05	0.0001	0.000366666666667	0.001033333333333	0.000133333333333	0.0002	0.000166666666667	6.66666666666667E-05	3.33333333333333E-05	0.0002	0.000333333333333	0.0002	0.000233333333333	6.66666666666667E-05	0.003833333333333	6.66666666666667E-05
Pep9	0.003066666666667	0.0009	0.0023	0.0009	0.000533333333333	0.001766666666667	0.000933333333333	0.0011	0.006633333333333	0.001066666666667	0.000966666666667	0.002933333333333	0.000533333333333	0.0041	0.001233333333333	0.000633333333333	0.000633333333333	0.000566666666667	0.000633333333333	0.0016	0.000533333333333	0.000633333333333	0.000466666666667	0.0007	0.0011	0.000633333333333	0.003366666666667	0.0007	0.0005	0.000466666666667	0.003433333333333	0.000566666666667
Pep10	0.002066666666667	0.000466666666667	0.000666666666667	0.000533333333333	0.000133333333333	0.002133333333333	0.000166666666667	0.002233333333333	0.0009	0.000866666666667	0.000466666666667	0.0007	0.000333333333333	0.000833333333333	0.0022	0.0003	0.0002	0.0001	0.000333333333333	0.0004	0.000166666666667	0.000266666666667	0.000266666666667	0.000133333333333	0.000133333333333	0.000333333333333	0.000233333333333	0.0001	0.000233333333333	0.000133333333333	0.001666666666667	0.000133333333333
Pep11	0.0013	0.0047	0.0013	0.0028	0.000866666666667	0.001533333333333	0.0011	0.001466666666667	0.0032	0.001766666666667	0.002433333333333	0.001633333333333	0.004166666666667	0.003666666666667	0.001266666666667	0.000933333333333	0.001	0.001033333333333	0.001966666666667	0.004266666666667	0.000766666666667	0.0008	0.0012	0.0011	0.001033333333333	0.000766666666667	0.0008	0.0009	0.0009	0.000733333333333	0.003133333333333	0.000833333333333
Pep12	0.1396	0.018866666666667	0.0371	0.012	0.0134	0.1731	0.004366666666667	0.031733333333333	0.011866666666667	0.0066	0.018433333333333	0.0019	0.002366666666667	0.031266666666667	0.1024	0.001566666666667	0.001166666666667	0.0012	0.006233333333333	0.005066666666667	0.005466666666667	0.012133333333333	0.001066666666667	0.001166666666667	0.0014	0.001833333333333	0.002166666666667	0.004333333333333	0.0011	0.003766666666667	0.062366666666667	0.002733333333333
Pep13	7.96443333333333	0.143533333333333	0.0098	0.257033333333333	0.015233333333333	0.022566666666667	2.60926666666667	1.02163333333333	0.632733333333333	0.498733333333333	1.7502	0.179766666666667	0.1521	1.2184	8.24316666666667	1.96963333333333	0.031633333333333	0.008266666666667	0.046566666666667	0.0097	0.4311	0.0054	0.015266666666667	2.26293333333333	0.035233333333333	0.0116	0.106666666666667	0.015833333333333	0.010066666666667	3.41206666666667	1.3493	0.005266666666667
Pep14	4.71856666666667	0.053833333333333	0.009966666666667	0.142566666666667	0.004166666666667	0.016333333333333	1.04003333333333	0.589566666666667	0.295566666666667	0.2524	0.7138	0.105233333333333	0.0673	0.5025	5.0771	0.621733333333333	0.0215	0.004866666666667	0.006433333333333	0.005133333333333	0.207433333333333	0.005133333333333	0.0135	1.25623333333333	0.0231	0.008166666666667	0.098	0.0148	0.0088	2.51753333333333	1.55513333333333	0.007566666666667
