COMB_CSTB invasive tumor,2,2,2,2,3,2,2,2,3,2,2,2,2,2,2,3,2,2,3,2,2,2,2,2,2,2,2,2,2,2,2,2,2,2,2,2,2,2,2,2,2,2,2,2,3,2,2,2,2,2,2,2,2,2,2,4,2,2,3,2,2,2,2,2,2,2,2,2,2,2,2,3,2,2,2,2,2,2,2,2,2,2,2,2,5,0,3,4,3,5,0,3,4,4,5,5,3,5,3,3,3,3,3,4,5,5,6,5,4,0,5,3,5,2
COMB_CSTB inner tumor,2,4,4,0,4,4,1,3,5,0,1,2,4,0,0,3,0,2,5,2,2,2,0,2,0,2,0,0,4,2,0,0,0,2,2,0,0,3,3,0,0,0,2,3,5,4,0,0,0,0,3,0,4,0,3,2,0,0,0,0,0,0,0,0,6,0,0,0,0,0,0,6,5,6,3,0,0,4,0,0,5,4,2,5,5,0,4,4,2,4,0,4,4,3,5,5,0,4,4,4,4,4,3,4,5,6,6,5,4,3,6,5,5,2
COMB_LTA4H invasive tumor,6,6,3,5,5,3,0,4,0,0,4,6,5,2,0,3,2,0,0,6,4,3,6,4,5,6,3,5,4,0,2,5,0,0,4,5,4,3,5,5,0,2,0,0,6,5,6,4,4,5,4,0,4,6,5,5,6,3,0,0,0,6,4,2,5,4,0,3,4,0,0,4,4,0,5,5,6,4,6,0,5,5,0,3,0,3,4,5,0,0,0,4,6,0,5,0,0,5,5,0,4,5,0,0,0,0,4,4,4,6,6,5,0,0,4,4,2
COMB_LTA4H inner tumor,3,0,0,5,3,3,0,3,0,0,3,5,2,0,0,0,0,0,2,6,0,3,5,0,4,3,5,0,2,0,0,3,0,0,0,2,0,0,0,4,2,0,0,3,5,4,4,2,3,3,3,0,4,6,4,0,4,0,0,0,0,3,3,0,2,4,3,0,0,0,0,0,4,0,3,3,6,0,6,0,3,5,0,0,0,3,0,0,0,0,0,0,4,0,5,0,0,6,4,0,0,0,0,0,0,0,4,4,0,5,0,0,0,0,0,3,2
COMB_NDRG1 invasive tumor,5,5,5,4,2,2,3,0,0,2,6,6,0,6,5,2,4,4,5,5,0,5,5,6,3,6,4,0,0,0,3,0,0,4,0,5,5,4,0,6,0,0,4,3,5,0,4,5,0,5,5,0,3,6,6,2,5,2,0,0,5,5,0,5,6,0,5,4,0,4,0,5,5,4,3,5,6,6,4,5,5,5,2,6,3,4,0,4,4,4,2,4,3,3,4,2,3,4,3,3,3,3,4,4,2,3,3,4,4,4,4,4,3,3,2,3,3,3
COMB_NDRG1 inner tumor,6,6,5,5,3,6,6,0,4,6,6,6,3,6,5,3,0,5,6,6,0,6,4,6,5,6,5,0,0,5,4,3,0,0,0,6,5,6,0,6,4,0,4,4,5,6,5,6,0,6,5,3,4,6,6,0,5,5,0,3,4,5,6,5,0,0,3,6,0,5,4,6,5,6,6,6,4,6,4,4,5,3,4,6,4,5,3,6,0,5,0,5,5,4,4,4,4,5,6,5,4,4,5,6,0,4,4,4,5,4,6,5,6,6,0,4,5,4
COMB_PGK1 invasive tumor,0,3,5,0,4,4,3,6,0,5,3,0,4,5,2,0,2,4,0,4,2,4,2,2,3,3,4,2,0,0,2,2,5,0,4,4,2,4,2,2,0,0,4,0,2,2,6,0,5,4,4,5,2,6,2,5,3,0,4,2,4,5,3,3,2,0,3,0,4,0,2,2,0,0,2,3,0,2,5,3,3,4,0,2,4,4,4,2,5,0,4,4,4,5,3,4,0,0,5,0,0,0,4,0,4,0,5,5,0,6,5,6,5,4,0,4,4,5
COMB_PGK1 inner tumor,0,4,4,3,2,3,0,4,0,2,4,0,2,3,0,0,0,4,4,0,0,3,4,3,2,2,3,2,0,0,0,0,5,0,0,4,0,2,5,0,0,3,0,0,4,2,4,0,2,3,3,4,2,2,0,2,4,2,3,0,3,4,4,4,3,0,0,5,0,0,0,0,3,3,4,3,6,0,5,4,2,5,0,3,4,4,4,0,5,0,4,4,4,5,3,3,0,0,3,0,0,0,0,0,3,0,5,5,0,6,6,5,5,5,0,5,4,2
COMB_COL6A1 invasive stroma,0,3,4,4,4,4,4,4,4,4,5,5,5,5,5,5,5,5,5,5,5,5,5,5,5,5,5,6,6,6,6,6,6,6,6,6,6,6,6,6,6,6,6,6,6,6,6,6,6,6,6,6,6,6,6,6,6,6,6,6,6,6,6,6,6,6,6,6,6,6,6,6,6,6,6,6,6,6,6,6,6,6,6,6,6,6,6,6,6,6,6,6,6
COMB_COL6A1 inner stroma,6,0,3,4,3,4,5,4,6,4,5,0,6,6,5,5,6,6,5,6,5,5,0,6,6,4,4,6,4,6,4,6,5,4,6,5,5,5,6,6,6,6,6,5,6,5,6,0,5,5,5,6,5,6,6,6,6,6,6,6,6,0,6,3,6,6,6,6,5,6,0,6,6,6,6,6,3,5,6,4,4,5,5,4,6,0,6,6,6,4,5,6,5
COMB_ITGAV invasive stroma,0,4,0,0,4,4,0,0,0,0,5,6,0,0,0,0,6,0,6,0,0,0,2,6,0,0,0,5,0,0,0,0,0,6,6,4,6,0,0,0,0,0,0,0,0,0,0,0,6,0,0,0,0,6,0,0,5,0,6,4,0,0,0,0,4,0,6,0,0,0,0,0,0,6,4,2,0,5,0,2
COMB_ITGAV inner stroma,0,0,0,0,6,6,0,0,0,0,0,0,0,0,0,0,0,0,0,3,0,0,4,6,0,0,0,3,5,0,0,0,0,3,0,3,0,0,0,0,0,0,0,0,0,0,0,0,0,0,0,0,0,0,0,0,0,0,6,6,0,0,0,0,4,0,4,0,4,0,0,0,0,5,0,6,0,0,6,5
COMB_MB invasive stroma,0,5,0,0,0,0,0,0,0,0,0,0,4,0,0,0,0,2,0,0,0,0,0,0,0,0,0,0,0,0,0,0,2,0,0,0,0,0,0,0,0,0,0,0,0,0,0,0,0,0,0,0,0,0,0,0,0,0,0,0,0,0,0,0,0,0,0,0,0,0,0,0,0,0,0,0,4,0,0,0,0,0,0,0,2
COMB_MB inner stroma,0,4,0,0,0,0,0,0,0,0,0,0,3,0,0,0,0,0,3,0,0,0,0,0,0,0,0,0,0,0,0,2,0,0,0,0,0,0,0,0,0,0,0,0,0,0,0,0,0,0,0,0,0,0,0,0,0,4,0,0,0,0,0,0,0,0,0,0,0,0,0,0,0,0,0,0,0,0,0,0,0,0,0,0,0

