		12_5fmol_C1	12_5fmol_C10	12_5fmol_C2	12_5fmol_C3	12_5fmol_C4	12_5fmol_C5	12_5fmol_C8	12_5fmol_C9	12_5fmol_Ro	25fmol_semtumor_S09	25fmol_semtumor_S36	25fmol_semtumor_S40	25fmol_semtumor_S49	25fmol_semtumor_S55	25fmol_semtumor_S57	25fmol_semtumor_S61	25fmol_semtumor_S64	25fmol_semtumor_S68	25fmol_semtumor_T16	50fmol_T1T2_S17	50fmol_T1T2_S57	50fmol_T1T2_S77	50fmol_T1T2_S78	50fmol_T1T2_S79	50fmol_T1T2_T12	50fmol_T1T2_T20	50fmol_T1T2_T22	50fmol_T1T2_T23
		12_5fmol	12_5fmol	12_5fmol	12_5fmol	12_5fmol	12_5fmol	12_5fmol	12_5fmol	12_5fmol	25fmol	25fmol	25fmol	25fmol	25fmol	25fmol	25fmol	25fmol	25fmol	25fmol	50fmol	50fmol	50fmol	50fmol	50fmol	50fmol	50fmol	50fmol	50fmol
P00330_ADH1	P00330_ADH1	27.64286	26.94257	27.21178	26.51147	26.74214	28.15132	27.16997	27.45591	25.98553	29.43968	28.93061	28.28251	28.02226	28.18914	29.4544	28.77533	28.68706	27.46754	28.54668	29.89729	29.18987	29.61393	30.22101	30.28074	30.94077	30.61395	29.87291	29.72109
P00489_GPB	P00489_GPB	28.37638	27.25521	27.77643	26.92762	27.68392	29.11235	27.76958	28.16524	27.56326	29.70484	28.83503	28.76338	28.26137	28.70491	29.81075	29.2541	29.32002	27.90644	28.83732	29.78958	29.19084	29.5549	30.44904	30.42702	31.13259	30.75947	29.99645	29.87395
P02769_BSA	P02769_BSA	28.57409	26.90896	27.83792	25.69331	26.90793	28.07755	27.44095	27.50074	26.49899	29.32907	28.73538	28.16164	27.50347	27.60067	29.03005	28.11912	28.50294	27.26329	28.06825	29.33426	28.54399	29.19667	29.85442	29.68944	30.74383	30.22688	29.81546	29.58604
P00924_ENO1	P00924_ENO1	28.03391	27.15846	28.03449	26.87455	27.09628	28.97897	26.86997	28.09914	27.13497	28.95494	27.91957	28.43678	27.60215	27.96747	29.26676	28.24744	28.82077	27.44711	28.55921	28.99518	28.31445	28.38035	29.51228	29.19737	30.54858	30.05349	29.01172	29.44902
P01036_CST4	P01036_CST4	31.44756	29.17662	32.92541	31.94789	31.52468	32.08372	31.52122	32.4501	32.29096	28.15393	0	21.03905	26.64733	0	28.47154	31.21558	31.69971	28.50726	28.94266	28.54422	28.69992	32.17706	31.46772	30.19589	30.77698	30.93227	30.19108	28.55175
Q9NZL9_MAT2B	Q9NZL9_MAT2B	27.13516	26.62422	27.12228	26.37181	26.72143	27.21632	26.52782	26.83244	26.9257	0	26.8962	26.01389	25.67295	27.04635	26.19729	25.76797	26.78344	26.43411	26.12159	25.67484	26.24706	25.87514	25.26703	26.12877	25.05507	26.1842	25.47602	24.17889
P02787_TF	P02787_TF	27.94207	27.67633	26.66546	28.03554	28.36536	27.66851	29.06337	29.1726	28.96983	31.34197	31.46636	30.27531	29.12886	30.21153	30.31019	29.63355	28.19601	29.197	30.56347	28.94604	29.84172	29.68291	28.62519	28.09456	29.91812	29.31862	29.1938	31.0803
Q99879_HIST1H2BM	Q99879_HIST1H2BM	25.1882	26.74445	26.40368	25.90327	27.43889	25.29411	26.29088	26.56352	26.65349	22.77678	23.01711	23.6634	24.65414	24.59167	23.64768	21.52411	25.02433	26.08499	24.50682	25.60346	24.30549	24.09563	22.13119	24.61874	20.56486	26.6245	25.60382	0
P01023_A2M	P01023_A2M	26.97727	27.26705	25.55508	25.68992	26.96091	25.62101	29.06792	26.29856	26.50503	31.26573	31.43659	28.78818	29.61126	30.39948	28.43102	27.95333	27.33211	27.69962	28.91519	30.17474	28.36653	28.78179	27.81958	26.9428	28.78672	28.13888	29.63689	29.52971
P01037_CST1	P01037_CST1	29.33211	28.13399	31.67645	31.26841	30.88351	31.07482	29.5495	31.08727	29.4862	27.26982	0	0	25.30973	0	27.09275	30.2867	30.81772	26.91969	27.66966	27.74291	27.02147	29.99375	30.44658	28.80082	28.82793	29.79911	28.40434	27.39877
P00738_HP	P00738_HP	28.00977	28.82848	26.36256	27.33108	27.09476	26.23655	29.26172	28.48101	27.90024	29.94712	31.32475	30.46344	29.69126	29.7502	29.20515	29.38317	28.79185	29.24654	31.31889	31.62888	29.64552	30.53018	28.50733	27.00806	30.29154	28.85784	27.7213	29.611
P09228_CST2	P09228_CST2	27.12218	28.07352	29.63289	28.22564	28.97858	27.73344	26.28685	28.65414	26.58935	25.4567	0	0	21.67288	0	25.48379	26.1764	29.16749	23.99731	21.22535	24.47271	25.35548	27.96631	28.104	25.13434	28.0238	25.88339	26.99291	22.73287
P01008_SERPINC1	P01008_SERPINC1	22.49543	21.07894	21.25448	21.19508	20.99521	0	21.78449	21.27566	22.5331	22.65594	24.63727	23.29376	21.67349	22.39016	22.91105	22.89676	21.92125	22.77117	22.94926	23.6871	23.49753	23.2111	22.93265	22.38087	22.63358	23.04848	20.89556	23.53255
P01859_IGHG2	P01859_IGHG2	25.64749	26.60597	25.97073	24.91306	27.0403	26.33887	27.04833	26.83074	26.2851	28.41203	29.06723	29.59746	27.27044	28.58219	27.376	27.82287	26.4993	27.62352	27.80809	27.27932	28.40629	28.53241	25.48732	26.63464	26.99086	25.36383	28.88064	27.6977
P05386_RPLP1	P05386_RPLP1	21.92107	21.1561	22.07516	22.66564	22.0415	19.35595	20.74057	18.79383	18.88178	0	0	18.23953	0	19.39563	0	0	18.25308	20.35434	18.78056	20.81488	22.4881	18.19801	0	18.9016	0	20.91678	19.73486	0
P07339_CTSD	P07339_CTSD	22.84556	23.36078	23.1897	22.83134	23.63012	22.84946	21.72538	23.37981	24.04827	19.86558	20.17682	20.78684	22.68436	0	22.29089	22.57496	21.4957	24.23951	20.67185	21.77929	22.32254	22.33274	21.91313	23.03329	21.74763	21.83507	22.54406	21.02371
A0A087WVW2_IGHG3	A0A087WVW2_IGHG3	24.88832	26.17986	25.51208	24.54251	26.24291	25.59118	26.283	26.49283	26.36281	26.85614	30.05038	29.65403	26.23429	27.62582	28.13448	28.47896	26.13338	27.35976	27.17016	27.05703	28.48443	27.77147	25.4688	25.35975	26.54572	26.00928	26.60272	27.3554
P01024_C3	P01024_C3	25.2753	26.33458	24.91971	24.88851	25.85538	24.29817	26.19627	25.92034	26.48904	26.91251	28.17422	26.37372	26.82177	27.053	27.42254	26.84995	25.93222	26.67761	27.935	28.7888	27.25377	27.93613	25.18439	25.16446	27.22214	26.01555	26.9651	25.51337
B7Z6Z4_MYL6	B7Z6Z4_MYL6	23.7686	24.39637	23.94905	25.52731	24.40626	22.02979	24.15846	23.88697	25.93885	21.90349	22.07803	24.47698	23.13377	23.49412	21.31562	20.30285	23.28673	22.90261	22.70271	23.7168	24.64334	22.46576	21.81585	21.75103	0	21.70151	23.47655	0
D6RF35_GC	D6RF35_GC	24.1027	24.75797	22.79148	26.23911	24.7454	24.7686	25.10605	24.46058	25.22751	27.0258	28.25939	26.24532	24.19558	26.20918	26.82505	25.12786	25.48056	26.52246	26.8629	26.84182	26.71175	26.02011	24.9032	22.86948	26.00569	25.96495	25.46058	26.18128
CON__P00761	CON__P00761	32.29195	30.59174	31.28135	30.33383	30.70849	32.30452	31.39596	31.62745	31.14407	31.90013	30.18021	30.56484	30.80101	30.72907	30.08917	31.22389	30.73513	29.61205	30.53631	31.92153	30.21732	31.55728	32.30021	32.39573	32.7031	32.0842	31.50043	31.55723
Q9NQ38-3_SPINK5	Q9NQ38-3_SPINK5	22.821	22.5191	23.77364	24.19806	23.4339	23.51039	23.6871	23.24259	22.78205	0	22.16156	0	22.72109	20.07679	22.17103	21.82714	22.9954	22.90733	21.97712	0	22.42668	21.56742	22.8179	22.71614	0	24.59895	21.10194	23.45626
P00450_CP	P00450_CP	24.08999	22.99755	23.02943	23.95287	24.42137	20.87837	24.09869	23.6165	25.57525	26.12914	26.51839	24.70002	24.22192	25.01687	25.51123	25.9954	23.70662	26.06604	25.81663	27.53697	25.34624	24.88469	24.24249	23.48247	24.77977	23.77374	24.87023	25.88781
B4E1Z4_CFB	B4E1Z4_CFB	0	21.97442	0	21.57778	22.01137	0	22.63318	22.25897	23.41313	23.32773	25.69328	23.58623	23.16028	23.48173	23.66687	23.77062	0	23.46476	24.04068	23.8956	24.3908	23.99826	23.19646	0	22.3942	22.9823	23.03184	0
CON__P02768-1_ALB	CON__P02768-1_ALB	32.52678	33.1657	32.00092	33.26752	33.4746	32.61173	33.93025	33.91492	33.20353	35.51864	35.75809	34.62489	34.05342	34.72974	34.94751	33.46794	32.79761	33.88731	34.92003	34.17333	34.22051	34.08012	32.74735	31.52089	34.5491	33.55202	34.16564	35.97918
P18669_PGAM1	P18669_PGAM1	26.03149	26.67088	25.47914	25.89437	26.50894	24.93787	26.282	25.86152	25.61296	24.92778	25.7167	26.29852	27.94804	25.75967	24.53416	24.72728	26.13917	25.47373	25.97077	23.78157	24.86424	25.36346	0	24.67906	25.65859	25.62383	25.6496	23.55555
P01009_SERPINA1	P01009_SERPINA1	0	18.76078	20.18277	25.08201	19.15573	21.12566	20.89223	22.26388	27.28912	25.65138	30.46684	22.50477	23.65228	23.01371	27.11714	28.64303	21.50048	27.26033	23.15883	24.53765	27.92343	27.7564	26.68043	26.51394	23.28065	21.17035	23.71366	26.17451
Q06830_PRDX1	Q06830_PRDX1	26.27611	26.35948	25.64878	26.67721	26.63048	24.09039	24.4197	24.62344	25.30462	23.3317	24.79203	22.45405	25.02433	23.59468	23.09083	23.59012	24.1453	26.43598	23.85329	23.84623	26.12035	24.23805	25.12278	25.49908	24.19806	24.3575	24.83007	26.23129
A0A087WV47_IGHG1	A0A087WV47_IGHG1	28.12445	28.69086	26.96994	27.73357	28.28925	27.79965	29.49821	29.16341	28.14662	31.31019	31.54416	30.54757	28.54156	30.96389	29.73025	30.24751	27.73931	29.73236	29.27985	29.30459	30.08068	30.87701	28.55483	27.4017	29.09172	27.35943	29.25208	29.81871
P30838_ALDH3A1	P30838_ALDH3A1	25.09804	21.93991	22.54291	25.1728	24.66682	23.36373	23.3948	24.24786	22.76632	22.15484	22.54898	0	23.05373	20.53962	21.8247	21.71875	0	22.4937	20.71674	0	22.84309	22.50891	23.97867	0	0	23.39898	21.69541	25.68568
P12429_ANXA3	P12429_ANXA3	21.71775	21.13884	23.05005	21.26534	21.57639	22.45159	21.43258	21.94435	24.68507	0	0	21.30318	0	21.87466	21.51735	0	21.55506	19.40329	21.68505	21.615	20.49356	20.95362	0	0	21.43217	21.21324	20.99376	21.49219
P02750_LRG1	P02750_LRG1	23.4545	21.72376	20.92209	21.5827	21.23298	23.65971	23.41158	21.44562	23.24339	24.95331	27.18735	23.64482	23.21122	23.44834	23.66969	25.33115	21.50198	26.55998	23.75573	23.73242	23.08476	23.40198	23.39165	21.40312	23.62801	23.71858	23.01526	24.46488
P62258_YWHAE	P62258_YWHAE	23.93256	23.27711	23.49704	25.85012	24.25803	0	23.25839	23.44	24.84489	23.05595	22.95093	22.82425	23.31921	22.46986	22.27398	21.90536	22.4551	22.30034	22.2944	22.70079	22.82118	22.74207	22.61809	23.05725	22.62326	24.8699	23.59423	0
P02790_HPX	P02790_HPX	23.0202	24.94002	24.03112	24.48922	25.3049	23.83528	26.86266	25.73003	25.57193	27.22564	28.68134	27.23927	26.0303	26.77769	27.12642	26.77102	24.73071	25.66595	27.44924	27.61006	26.87561	27.56449	25.2753	23.19519	26.05227	24.86835	25.67648	27.30173
P04217_A1BG	P04217_A1BG	24.6944	23.8292	23.35272	23.52109	24.13258	0	24.63467	23.93903	24.79169	25.97033	27.33253	25.45146	24.87272	25.92958	24.63262	24.12353	23.90729	25.39352	25.52214	24.84867	25.01184	25.0178	23.70049	22.76792	25.60518	24.47259	23.25911	25.80521
P28325_CST5	P28325_CST5	24.27071	0	24.58909	25.24587	26.46312	24.7889	24.57888	25.21033	23.68485	21.70923	0	0	0	21.75882	23.237	26.26728	21.20723	22.12509	24.53724	24.41345	23.2617	25.64022	26.28263	24.73076	23.67584	22.86667	23.07632	24.43752
P04792_HSPB1	P04792_HSPB1	26.29044	22.60356	26.6071	27.9667	22.83863	23.06024	26.05712	22.61439	26.53257	21.89026	23.44025	20.32619	22.48908	22.28096	22.37257	23.63279	22.31163	25.08188	21.90275	21.39263	28.40507	25.2221	22.70109	23.89208	23.78297	23.26599	24.8009	22.2364
P02763_ORM1	P02763_ORM1	22.0695	25.0831	22.74561	21.65373	23.82104	21.86098	24.7574	23.71429	24.53184	23.46426	29.29748	26.84817	26.14048	26.08012	25.46871	27.11625	23.59787	23.72234	26.48878	28.46852	26.4168	26.75608	22.79761	23.52826	26.38859	21.87613	25.93562	27.53534
P62937_PPIA	P62937_PPIA	27.57917	28.11202	27.16787	27.74028	28.24916	27.73169	28.59761	28.18712	27.39917	26.86985	27.74336	28.20415	29.05615	28.4993	27.33637	26.93944	28.14404	28.10774	27.7291	27.52126	27.84176	26.93337	26.39342	27.12514	27.53453	27.12849	27.66716	25.5844
P02675_FGB	P02675_FGB	24.36666	25.24532	25.42224	24.09579	25.16657	24.87783	25.85017	24.78387	25.77183	22.37162	28.498	26.65226	26.36503	27.76553	25.97406	27.15296	25.562	25.61352	27.11357	28.52597	26.46862	27.49876	25.00552	23.17031	26.41377	25.0876	26.80723	25.93569
O00391_QSOX1	O00391_QSOX1	23.1404	20.8016	23.1688	24.5313	22.06609	22.78221	20.14358	22.2981	23.16881	0	21.11165	0	20.3791	0	0	22.50186	20.4	22.46326	20.01114	20.68868	23.62109	21.27304	23.2407	22.86576	0	0	20.5172	0
P02647_APOA1	P02647_APOA1	21.94871	25.28771	25.39473	26.56873	25.52779	25.2696	26.74291	27.15827	28.58674	30.37213	30.97295	29.5903	25.80838	28.39615	28.62289	27.51788	25.84189	27.73473	29.23078	26.20023	28.65561	30.04022	25.16898	24.57178	27.09859	26.52465	27.93568	29.73001
P22314_UBA1	P22314_UBA1	21.20592	21.39205	20.34776	22.08809	21.27076	0	20.46364	19.51065	21.28867	0	20.22317	18.8938	20.62783	19.24737	0	0	20.21039	19.56238	19.50442	20.9805	20.34147	19.98968	0	19.7532	20.14669	21.36276	19.2097	0
P04196_HRG	P04196_HRG	0	18.12207	0	18.43461	0	0	17.82582	18.42898	19.08745	19.84331	21.07241	19.37876	0	21.39498	19.37715	19.08384	18.1567	18.87814	20.57348	20.31052	20.07379	20.59941	17.93934	0	0	18.71559	19.82036	0
P01042-2_KNG1	P01042-2_KNG1	21.20771	21.36634	0	20.8524	0	0	20.11946	21.46468	23.42534	24.24561	25.81105	23.75246	21.85285	22.81585	23.12493	22.46727	0	22.75448	24.00015	23.97369	24.10462	22.99072	0	0	0	21.39833	21.90647	23.51881
P31946-2	P31946-2	24.85053	24.764	23.7546	24.87023	25.04222	23.55028	24.81519	24.32402	24.18473	22.23631	24.21393	23.10716	24.61476	24.16714	23.12433	22.44811	24.02259	22.93665	23.59412	25.24325	24.01971	23.40432	23.44405	23.75797	24.71209	25.54857	24.66963	21.88342
A0A087WZH9	A0A087WZH9	22.44912	21.1994	21.6054	22.70518	21.90021	21.95049	22.70181	22.33451	22.68684	22.67554	22.84007	22.01635	21.97872	23.42829	23.15405	22.70284	22.8068	23.16134	22.22853	22.89903	23.23681	23.6971	23.41622	23.72109	22.01114	21.58806	23.55344	22.5656
P05164-3_MPO	P05164-3_MPO	28.24168	29.54237	28.55552	27.42101	29.14897	27.80107	29.34534	27.51503	28.83596	25.34739	26.44069	25.83362	28.28978	28.25696	27.37318	24.81982	28.17355	28.02728	28.16763	29.74061	26.57204	27.47615	24.08853	26.7124	25.81189	28.11714	28.00217	25.46283
A0A0A0MTS2_GPI	A0A0A0MTS2_GPI	26.58405	27.88011	26.36808	26.96488	28.20439	26.07147	27.74034	27.1043	26.49599	25.67328	26.91251	26.91787	27.84631	27.78488	26.26492	25.4656	27.63312	27.08801	26.60074	27.70892	26.05827	26.11263	25.905	25.83641	25.46295	26.53967	26.37667	22.88254
P23280_CA6	P23280_CA6	28.31012	26.1962	28.32406	27.3385	28.494	28.54145	26.62506	28.6971	28.4626	26.41427	24.04627	25.42608	26.92976	27.71076	28.01457	28.09999	26.57658	25.2242	26.53214	25.67976	27.62854	26.41464	28.35531	28.63312	25.23765	26.16146	27.31138	25.15372
P04083_ANXA1	P04083_ANXA1	27.95782	25.59149	29.51741	30.91698	25.88821	23.56883	24.89587	24.45287	27.45764	24.96023	23.75501	24.79981	24.23191	24.48056	25.32485	25.82369	25.44708	25.93603	24.82026	25.764	30.57091	24.9581	25.56026	26.90782	25.59531	26.87326	25.96963	26.04327
P07237_P4HB	P07237_P4HB	23.97448	23.96552	24.49582	25.4303	25.05499	23.4139	24.66172	23.87858	25.11736	22.98153	22.5567	22.57353	23.68292	23.43517	24.52019	23.66893	24.52355	24.80346	22.97643	23.36959	24.66422	22.656	23.18042	25.02013	23.64988	23.89338	23.39388	22.05735
P07996_THBS1	P07996_THBS1	21.37613	21.81452	22.92685	21.03543	21.23538	0	22.03171	21.51817	22.88863	0	0	0	20.5827	0	21.66523	20.85582	20.70852	21.50978	21.1706	20.99106	20.60177	21.44329	21.15678	21.47368	0	0	22.18365	0
P01714	P01714	23.22005	22.64621	22.36669	22.25926	21.64496	23.16385	23.19179	21.9402	23.0922	22.56709	23.55415	22.0561	22.89719	24.28044	23.37716	24.16292	23.33811	23.24547	23.61234	23.13535	24.2548	23.4737	23.85671	23.96526	21.74267	23.26141	23.08156	22.94721
P02671_FGA	P02671_FGA	22.14118	23.88353	23.07501	22.30689	21.34245	0	24.78352	22.85213	24.88999	23.15258	27.0626	25.05598	24.07871	26.53605	21.95759	25.67648	21.78572	24.26821	25.12321	27.46404	26.21806	26.31025	23.43352	21.35197	24.27227	23.44973	25.63423	25.01116
P02760_AMBP	P02760_AMBP	0	20.75214	0	20.70986	20.75197	0	22.1835	21.22988	0	21.87331	23.34286	20.69515	0	21.70919	22.53576	21.50698	21.03127	21.55375	22.45571	22.56611	21.66835	22.82984	21.32965	0	22.42864	21.70885	22.06171	0
Q08188_TGM3	Q08188_TGM3	26.4906	25.13453	26.14789	27.4223	25.87914	23.55766	25.28203	23.92434	25.14032	23.34123	24.1744	22.32086	24.00136	23.02019	24.42963	22.37928	23.80754	26.08475	24.46133	0	27.04667	23.89393	23.27142	25.47175	0	25.82486	24.87713	22.35421
